Date,Vaccinated (daily),Vaccinated (cumu),Vaccinated population percentage,Second dose (daily),Second dose (cumu),Second dose population precentage,Third dose (daily),Third dose (cumu),Third dose population precentage
2020-12-19,46,75,0,0,1,0,0,0,0
2020-12-20,7386,7461,0.08,0,1,0,0,0,0
2020-12-21,24909,32370,0.35,0,1,0,0,0,0
2020-12-22,44639,77009,0.83,0,1,0,0,0,0
2020-12-23,62897,139906,1.5,0,1,0,0,0,0
2020-12-24,73406,213312,2.29,0,1,0,0,0,0
2020-12-25,38502,251814,2.71,0,1,0,0,0,0
2020-12-26,32609,284423,3.06,0,1,0,0,0,0
2020-12-27,104542,388965,4.18,0,1,0,0,0,0
2020-12-28,134992,523957,5.63,0,1,0,0,0,0
2020-12-29,156251,680208,7.31,1,2,0,0,0,0
2020-12-30,153092,833300,8.96,0,2,0,0,0,0
2020-12-31,158510,991810,10.67,0,2,0,0,0,0
2021-01-01,71403,1063213,11.43,0,2,0,0,0,0
2021-01-02,71718,1134931,12.2,0,2,0,0,0,0
2021-01-03,149705,1284636,13.81,0,2,0,0,0,0
2021-01-04,152135,1436771,15.45,2,4,0,0,0,0
2021-01-05,125144,1561915,16.8,2,6,0,0,0,0
2021-01-06,103310,1665225,17.91,2,8,0,0,0,0
2021-01-07,116029,1781254,19.15,5,13,0,0,0,0
2021-01-08,66438,1847692,19.87,3,16,0,0,0,0
2021-01-09,44520,1892212,20.35,25,41,0,0,0,0
2021-01-10,37621,1929833,20.75,5993,6034,0.06,0,0,0
2021-01-11,21130,1950963,20.98,19253,25287,0.27,0,0,0
2021-01-12,24023,1974986,21.24,35657,60944,0.66,0,0,0
2021-01-13,52024,2027010,21.8,56861,117805,1.27,0,0,0
2021-01-14,56438,2083448,22.4,68823,186628,2.01,0,0,0
2021-01-15,30730,2114178,22.73,35924,222552,2.39,0,0,0
2021-01-16,29438,2143616,23.05,26004,248556,2.67,0,0,0
2021-01-17,68383,2211999,23.79,84571,333127,3.58,0,0,0
2021-01-18,69709,2281708,24.54,120383,453510,4.88,0,0,0
2021-01-19,72800,2354508,25.32,137775,591285,6.36,0,0,0
2021-01-20,76784,2431292,26.14,143684,734969,7.9,0,0,0
2021-01-21,69894,2501186,26.9,164340,899309,9.67,0,0,0
2021-01-22,37852,2539038,27.3,71076,970385,10.44,0,0,0
2021-01-23,39921,2578959,27.73,53556,1023941,11.01,0,0,0
2021-01-24,69053,2648012,28.48,140628,1164569,12.52,0,0,0
2021-01-25,80853,2728865,29.34,139435,1304004,14.02,0,0,0
2021-01-26,78640,2807505,30.19,126338,1430342,15.38,0,0,0
2021-01-27,77878,2885383,31.03,124969,1555311,16.73,0,0,0
2021-01-28,79483,2964866,31.88,130538,1685849,18.13,0,0,0
2021-01-29,36631,3001497,32.28,64746,1750595,18.82,0,0,0
2021-01-30,34361,3035858,32.65,42734,1793329,19.28,0,0,0
2021-01-31,73286,3109144,33.43,59457,1852786,19.92,0,0,0
2021-02-01,82441,3191585,34.32,35305,1888091,20.3,0,0,0
2021-02-02,70015,3261600,35.07,31025,1919116,20.64,0,0,0
2021-02-03,60231,3321831,35.72,51376,1970492,21.19,0,0,0
2021-02-04,72546,3394377,36.5,58036,2028528,21.81,0,0,0
2021-02-05,33877,3428254,36.87,28751,2057279,22.12,0,0,0
2021-02-06,21583,3449837,37.1,22198,2079477,22.36,0,0,0
2021-02-07,54038,3503875,37.68,68677,2148154,23.1,0,0,0
2021-02-08,58580,3562455,38.31,65396,2213550,23.8,0,0,0
2021-02-09,66284,3628739,39.02,67486,2281036,24.53,0,0,0
2021-02-10,70491,3699230,39.78,72211,2353247,25.31,0,0,0
2021-02-11,81088,3780318,40.65,72018,2425265,26.08,0,0,0
2021-02-12,39045,3819363,41.07,37534,2462799,26.48,0,0,0
2021-02-13,27425,3846788,41.37,30399,2493198,26.81,0,0,0
2021-02-14,74857,3921645,42.17,69020,2562218,27.55,0,0,0
2021-02-15,81474,4003119,43.05,75641,2637859,28.37,0,0,0
2021-02-16,83358,4086477,43.94,78216,2716075,29.21,0,0,0
2021-02-17,61912,4148389,44.61,75569,2791644,30.02,0,0,0
2021-02-18,69092,4217481,45.35,79684,2871328,30.88,0,0,0
2021-02-19,39608,4257089,45.78,38106,2909434,31.29,0,0,0
2021-02-20,31622,4288711,46.12,28697,2938131,31.6,0,0,0
2021-02-21,79386,4368097,46.97,78389,3016520,32.44,0,0,0
2021-02-22,84994,4453091,47.89,80541,3097061,33.3,0,0,0
2021-02-23,77262,4530353,48.72,70403,3167464,34.06,0,0,0
2021-02-24,61004,4591357,49.37,63062,3230526,34.74,0,0,0
2021-02-25,51661,4643018,49.93,64727,3295253,35.44,0,0,0
2021-02-26,25843,4668861,50.21,31982,3327235,35.78,0,0,0
2021-02-27,18305,4687166,50.4,21178,3348413,36.01,0,0,0
2021-02-28,40301,4727467,50.84,55836,3404249,36.61,0,0,0
2021-03-01,45665,4773132,51.33,61383,3465632,37.27,0,0,0
2021-03-02,41119,4814251,51.77,64729,3530361,37.96,0,0,0
2021-03-03,41948,4856199,52.22,66718,3597079,38.68,0,0,0
2021-03-04,39625,4895824,52.65,79047,3676126,39.53,0,0,0
2021-03-05,17285,4913109,52.83,40422,3716548,39.97,0,0,0
2021-03-06,10662,4923771,52.95,25323,3741871,40.24,0,0,0
2021-03-07,31084,4954855,53.28,72805,3814676,41.02,0,0,0
2021-03-08,27303,4982158,53.58,73231,3887907,41.81,0,0,0
2021-03-09,26672,5008830,53.86,76549,3964456,42.63,0,0,0
2021-03-10,23265,5032095,54.11,58616,4023072,43.26,0,0,0
2021-03-11,23228,5055323,54.36,69017,4092089,44,0,0,0
2021-03-12,11208,5066531,54.48,41360,4133449,44.45,0,0,0
2021-03-13,7910,5074441,54.57,25216,4158665,44.72,0,0,0
2021-03-14,20914,5095355,54.79,73897,4232562,45.51,0,0,0
2021-03-15,20074,5115429,55.01,78204,4310766,46.36,0,0,0
2021-03-16,18677,5134106,55.21,71417,4382183,47.12,0,0,0
2021-03-17,17632,5151738,55.4,58960,4441143,47.76,0,0,0
2021-03-18,15974,5167712,55.57,58070,4499213,48.38,0,0,0
2021-03-19,6886,5174598,55.65,27929,4527142,48.68,0,0,0
2021-03-20,5185,5179783,55.7,15271,4542413,48.85,0,0,0
2021-03-21,13114,5192897,55.84,40458,4582871,49.28,0,0,0
2021-03-22,13495,5206392,55.99,40480,4623351,49.72,0,0,0
2021-03-23,2760,5209152,56.02,7242,4630593,49.8,0,0,0
2021-03-24,10932,5220084,56.13,46491,4677084,50.3,0,0,0
2021-03-25,10181,5230265,56.24,35375,4712459,50.68,0,0,0
2021-03-26,4115,5234380,56.29,13284,4725743,50.82,0,0,0
2021-03-27,1757,5236137,56.31,4239,4729982,50.86,0,0,0
2021-03-28,2079,5238216,56.33,4587,4734569,50.91,0,0,0
2021-03-29,6844,5245060,56.4,29969,4764538,51.24,0,0,0
2021-03-30,7801,5252861,56.49,22374,4786912,51.48,0,0,0
2021-03-31,8078,5260939,56.57,19404,4806316,51.68,0,0,0
2021-04-01,8098,5269037,56.66,18623,4824939,51.89,0,0,0
2021-04-02,2875,5271912,56.69,8070,4833009,51.97,0,0,0
2021-04-03,1394,5273306,56.71,2932,4835941,52,0,0,0
2021-04-04,9600,5282906,56.81,22792,4858733,52.25,0,0,0
2021-04-05,10288,5293194,56.92,21199,4879932,52.48,0,0,0
2021-04-06,8940,5302134,57.02,16714,4896646,52.66,0,0,0
2021-04-07,8850,5310984,57.11,15218,4911864,52.82,0,0,0
2021-04-08,9316,5320300,57.21,16922,4928786,53,0,0,0
2021-04-09,3526,5323826,57.25,6174,4934960,53.07,0,0,0
2021-04-10,1588,5325414,57.27,3484,4938444,53.11,0,0,0
2021-04-11,8987,5334401,57.36,14206,4952650,53.26,0,0,0
2021-04-12,8860,5343261,57.46,13171,4965821,53.4,0,0,0
2021-04-13,5751,5349012,57.52,4897,4970718,53.45,0,0,0
2021-04-14,3558,5352570,57.56,5238,4975956,53.51,0,0,0
2021-04-15,606,5353176,57.57,535,4976491,53.51,0,0,0
2021-04-16,3335,5356511,57.6,6592,4983083,53.59,0,0,0
2021-04-17,788,5357299,57.61,1948,4985031,53.61,0,0,0
2021-04-18,7053,5364352,57.69,7405,4992436,53.69,0,0,0
2021-04-19,6344,5370696,57.75,7066,4999502,53.76,0,0,0
2021-04-20,6196,5376892,57.82,6821,5006323,53.84,0,0,0
2021-04-21,6274,5383166,57.89,7032,5013355,53.91,0,0,0
2021-04-22,5877,5389043,57.95,7609,5020964,53.99,0,0,0
2021-04-23,2692,5391735,57.98,3325,5024289,54.03,0,0,0
2021-04-24,725,5392460,57.99,1252,5025541,54.04,0,0,0
2021-04-25,4784,5397244,58.04,6883,5032424,54.12,0,0,0
2021-04-26,5417,5402661,58.1,7834,5040258,54.2,0,0,0
2021-04-27,4447,5407108,58.15,6557,5046815,54.27,0,0,0
2021-04-28,4426,5411534,58.19,7248,5054063,54.35,0,0,0
2021-04-29,4300,5415834,58.24,7211,5061274,54.43,0,0,0
2021-04-30,1861,5417695,58.26,3130,5064404,54.46,0,0,0
2021-05-01,431,5418126,58.26,875,5065279,54.47,0,0,0
2021-05-02,3202,5421328,58.3,6045,5071324,54.53,0,0,0
2021-05-03,3485,5424813,58.34,5753,5077077,54.6,0,0,0
2021-05-04,3530,5428343,58.37,4653,5081730,54.65,0,0,0
2021-05-05,3217,5431560,58.41,4014,5085744,54.69,0,0,0
2021-05-06,3557,5435117,58.45,3061,5088805,54.72,0,0,0
2021-05-07,1763,5436880,58.47,2421,5091226,54.75,0,0,0
2021-05-08,208,5437088,58.47,475,5091701,54.75,0,0,0
2021-05-09,2813,5439901,58.5,4709,5096410,54.8,0,0,0
2021-05-10,2842,5442743,58.53,4640,5101050,54.85,0,0,0
2021-05-11,2539,5445282,58.56,3807,5104857,54.9,0,0,0
2021-05-12,1952,5447234,58.58,3239,5108096,54.93,0,0,0
2021-05-13,1980,5449214,58.6,3602,5111698,54.97,0,0,0
2021-05-14,901,5450115,58.61,1429,5113127,54.98,0,0,0
2021-05-15,207,5450322,58.61,219,5113346,54.99,0,0,0
2021-05-16,499,5450821,58.62,1184,5114530,55,0,0,0
2021-05-17,253,5451074,58.62,804,5115334,55.01,0,0,0
2021-05-18,1910,5452984,58.64,4891,5120225,55.06,0,0,0
2021-05-19,2153,5455137,58.66,4978,5125203,55.11,0,0,0
2021-05-20,2235,5457372,58.69,3815,5129018,55.15,0,0,0
2021-05-21,1113,5458485,58.7,1343,5130361,55.17,0,0,0
2021-05-22,190,5458675,58.7,360,5130721,55.17,0,0,0
2021-05-23,2248,5460923,58.72,3189,5133910,55.21,0,0,0
2021-05-24,2065,5462988,58.75,3549,5137459,55.25,0,0,0
2021-05-25,1762,5464750,58.77,2529,5139988,55.27,0,0,0
2021-05-26,1342,5466092,58.78,2446,5142434,55.3,0,0,0
2021-05-27,1765,5467857,58.8,3118,5145552,55.33,0,0,0
2021-05-28,714,5468571,58.81,1343,5146895,55.35,0,0,0
2021-05-29,148,5468719,58.81,201,5147096,55.35,0,0,0
2021-05-30,1590,5470309,58.83,1900,5148996,55.37,0,0,0
2021-05-31,1651,5471960,58.84,2044,5151040,55.39,0,0,0
2021-06-01,1280,5473240,58.86,1774,5152814,55.41,0,0,0
2021-06-02,1425,5474665,58.87,1550,5154364,55.43,0,0,0
2021-06-03,1599,5476264,58.89,1424,5155788,55.44,0,0,0
2021-06-04,1009,5477273,58.9,700,5156488,55.45,0,0,0
2021-06-05,146,5477419,58.9,131,5156619,55.45,0,0,0
2021-06-06,4246,5481665,58.95,963,5157582,55.46,0,0,0
2021-06-07,4339,5486004,58.99,760,5158342,55.47,0,0,0
2021-06-08,3669,5489673,59.03,1117,5159459,55.48,0,0,0
2021-06-09,3533,5493206,59.07,1262,5160721,55.5,0,0,0
2021-06-10,3269,5496475,59.11,1239,5161960,55.51,0,0,0
2021-06-11,1324,5497799,59.12,516,5162476,55.51,0,0,0
2021-06-12,174,5497973,59.12,140,5162616,55.52,0,0,0
2021-06-13,3073,5501046,59.16,1220,5163836,55.53,0,0,0
2021-06-14,2983,5504029,59.19,1475,5165311,55.55,0,0,0
2021-06-15,3061,5507090,59.22,1309,5166620,55.56,0,0,0
2021-06-16,2648,5509738,59.25,935,5167555,55.57,0,0,0
2021-06-17,2641,5512379,59.28,1138,5168693,55.58,0,0,0
2021-06-18,1180,5513559,59.29,445,5169138,55.59,0,0,0
2021-06-19,182,5513741,59.29,117,5169255,55.59,0,0,0
2021-06-20,3274,5517015,59.33,1286,5170541,55.6,0,0,0
2021-06-21,5157,5522172,59.38,1162,5171703,55.61,0,0,0
2021-06-22,6842,5529014,59.46,1047,5172750,55.63,0,0,0
2021-06-23,10635,5539649,59.57,1240,5173990,55.64,0,0,0
2021-06-24,11930,5551579,59.7,1408,5175398,55.65,0,0,0
2021-06-25,7004,5558583,59.77,861,5176259,55.66,0,0,0
2021-06-26,2228,5560811,59.8,169,5176428,55.66,0,0,0
2021-06-27,13573,5574384,59.94,3403,5179831,55.7,0,0,0
2021-06-28,14421,5588805,60.1,3610,5183441,55.74,0,0,0
2021-06-29,16617,5605422,60.28,3658,5187099,55.78,0,0,0
2021-06-30,16376,5621798,60.45,3311,5190410,55.82,0,0,0
2021-07-01,16723,5638521,60.63,3306,5193716,55.85,12,12,0
2021-07-02,9746,5648267,60.74,1525,5195241,55.87,1,13,0
2021-07-03,2623,5650890,60.77,266,5195507,55.87,0,13,0
2021-07-04,17689,5668579,60.96,3123,5198630,55.9,0,13,0
2021-07-05,17773,5686352,61.15,2974,5201604,55.94,4,17,0
2021-07-06,17767,5704119,61.34,3347,5204951,55.97,7,24,0
2021-07-07,15428,5719547,61.51,2609,5207560,56,11,35,0
2021-07-08,16504,5736051,61.68,2788,5210348,56.03,12,47,0
2021-07-09,11073,5747124,61.8,1429,5211777,56.04,2,49,0
2021-07-10,4925,5752049,61.85,346,5212123,56.05,4,53,0
2021-07-11,1415,5753464,61.87,2806,5214929,56.08,4,57,0
2021-07-12,2355,5755819,61.9,3615,5218544,56.12,47,104,0
2021-07-13,2885,5758704,61.93,5374,5223918,56.18,120,224,0
2021-07-14,2665,5761369,61.95,7439,5231357,56.26,439,663,0.01
2021-07-15,2909,5764278,61.99,9194,5240551,56.35,371,1034,0.01
2021-07-16,1200,5765478,62,5814,5246365,56.42,62,1096,0.01
2021-07-17,317,5765795,62,1343,5247708,56.43,6,1102,0.01
2021-07-18,2023,5767818,62.02,9726,5257434,56.54,233,1335,0.01
2021-07-19,3131,5770949,62.06,11236,5268670,56.66,455,1790,0.02
2021-07-20,2598,5773547,62.09,11830,5280500,56.78,368,2158,0.02
2021-07-21,2311,5775858,62.11,11774,5292274,56.91,319,2477,0.03
2021-07-22,2822,5778680,62.14,13160,5305434,57.05,387,2864,0.03
2021-07-23,1972,5780652,62.16,8127,5313561,57.14,100,2964,0.03
2021-07-24,596,5781248,62.17,1417,5314978,57.15,6,2970,0.03
2021-07-25,4378,5785626,62.22,15440,5330418,57.32,222,3192,0.03
2021-07-26,5092,5790718,62.27,13420,5343838,57.46,320,3512,0.04
2021-07-27,5420,5796138,62.33,13459,5357297,57.61,410,3922,0.04
2021-07-28,3933,5800071,62.37,12241,5369538,57.74,460,4382,0.05
2021-07-29,4605,5804676,62.42,14064,5383602,57.89,517,4899,0.05
2021-07-30,2577,5807253,62.45,10748,5394350,58.01,4114,9013,0.1
2021-07-31,1375,5808628,62.46,3500,5397850,58.05,6150,15163,0.16
2021-08-01,3040,5811668,62.5,3311,5401161,58.08,31037,46200,0.5
2021-08-02,3066,5814734,62.53,3086,5404247,58.11,58482,104682,1.13
2021-08-03,3322,5818056,62.56,3218,5407465,58.15,78935,183617,1.97
2021-08-04,3477,5821533,62.6,3155,5410620,58.18,80719,264336,2.84
2021-08-05,4450,5825983,62.65,3501,5414121,58.22,88413,352749,3.79
2021-08-06,2378,5828361,62.68,1767,5415888,58.24,44726,397475,4.27
2021-08-07,1001,5829362,62.69,631,5416519,58.25,27329,424804,4.57
2021-08-08,4988,5834350,62.74,3023,5419542,58.28,80045,504849,5.43
2021-08-09,5308,5839658,62.8,2959,5422501,58.31,76447,581296,6.25
2021-08-10,5527,5845185,62.86,3105,5425606,58.34,75379,656675,7.06
2021-08-11,5640,5850825,62.92,2862,5428468,58.38,62602,719277,7.73
2021-08-12,6998,5857823,62.99,3226,5431694,58.41,59427,778704,8.37
2021-08-13,3763,5861586,63.03,1997,5433691,58.43,43841,822545,8.85
2021-08-14,2228,5863814,63.06,798,5434489,58.44,44447,866992,9.32
2021-08-15,7154,5870968,63.13,4485,5438974,58.49,97914,964906,10.38
2021-08-16,6964,5877932,63.21,4656,5443630,58.54,89429,1054335,11.34
2021-08-17,7558,5885490,63.29,5062,5448692,58.59,83231,1137566,12.23
2021-08-18,8627,5894117,63.38,4531,5453223,58.64,69166,1206732,12.98
2021-08-19,10066,5904183,63.49,5156,5458379,58.7,65892,1272624,13.69
2021-08-20,4713,5908896,63.54,2746,5461125,58.73,60395,1333019,14.33
2021-08-21,3483,5912379,63.58,1521,5462646,58.74,50683,1383702,14.88
2021-08-22,9855,5922234,63.68,4771,5467417,58.79,105001,1488703,16.01
2021-08-23,10939,5933173,63.8,4362,5471779,58.84,93877,1582580,17.02
2021-08-24,11743,5944916,63.93,4638,5476417,58.89,98378,1680958,18.08
2021-08-25,9651,5954567,64.03,4409,5480826,58.94,99352,1780310,19.14
2021-08-26,10123,5964690,64.14,4993,5485819,58.99,101021,1881331,20.23
2021-08-27,4307,5968997,64.19,2716,5488535,59.02,56628,1937959,20.84
2021-08-28,3697,5972694,64.23,1448,5489983,59.04,33476,1971435,21.2
2021-08-29,10354,5983048,64.34,5902,5495885,59.1,79412,2050847,22.05
2021-08-30,12334,5995382,64.47,6949,5502834,59.17,115848,2166695,23.3
2021-08-31,12104,6007486,64.6,6448,5509282,59.24,114692,2281387,24.53
2021-09-01,9060,6016546,64.7,5941,5515223,59.31,112292,2393679,25.74
2021-09-02,8822,6025368,64.79,7112,5522335,59.38,111345,2505024,26.94
2021-09-03,3730,6029098,64.83,4048,5526383,59.43,58813,2563837,27.57
2021-09-04,2684,6031782,64.86,1976,5528359,59.45,29908,2593745,27.89
2021-09-05,7044,6038826,64.94,6429,5534788,59.52,73207,2666952,28.68
2021-09-06,2816,6041642,64.97,2639,5537427,59.55,22747,2689699,28.92
2021-09-07,1178,6042820,64.98,814,5538241,59.56,5366,2695065,28.98
2021-09-08,1368,6044188,65,1130,5539371,59.57,6598,2701663,29.05
2021-09-09,7112,6051300,65.07,12498,5551869,59.7,73719,2775382,29.85
2021-09-10,3226,6054526,65.11,4941,5556810,59.76,37872,2813254,30.25
2021-09-11,2105,6056631,65.13,2464,5559274,59.78,14783,2828037,30.41
2021-09-12,6142,6062773,65.2,8554,5567828,59.87,54038,2882075,30.99
2021-09-13,5660,6068433,65.26,8184,5576012,59.96,47838,2929913,31.51
2021-09-14,4964,6073397,65.31,7363,5583375,60.04,48764,2978677,32.03
2021-09-15,1729,6075126,65.33,2668,5586043,60.07,16650,2995327,32.21
2021-09-16,323,6075449,65.33,506,5586549,60.08,1725,2997052,32.23
2021-09-17,3677,6079126,65.37,6963,5593512,60.15,42836,3039888,32.69
2021-09-18,2245,6081371,65.4,2909,5596421,60.18,12764,3052652,32.83
2021-09-19,5969,6087340,65.46,10687,5607108,60.3,44252,3096904,33.3
2021-09-20,3221,6090561,65.49,4598,5611706,60.35,16662,3113566,33.48
2021-09-21,1310,6091871,65.51,2011,5613717,60.37,3433,3116999,33.52
2021-09-22,4262,6096133,65.55,7204,5620921,60.44,24990,3141989,33.79
2021-09-23,4398,6100531,65.6,5854,5626775,60.51,27751,3169740,34.09
2021-09-24,3189,6103720,65.64,4131,5630906,60.55,27661,3197401,34.38
2021-09-25,2072,6105792,65.66,2227,5633133,60.58,10402,3207803,34.5
2021-09-26,5638,6111430,65.72,5949,5639082,60.64,36195,3243998,34.88
2021-09-27,4694,6116124,65.77,4414,5643496,60.69,30385,3274383,35.21
2021-09-28,1452,6117576,65.79,1152,5644648,60.7,6205,3280588,35.28
2021-09-29,9658,6127234,65.89,8303,5652951,60.79,60205,3340793,35.93
2021-09-30,10998,6138232,66.01,8507,5661458,60.88,79575,3420368,36.78
2021-10-01,5126,6143358,66.06,3806,5665264,60.92,46437,3466805,37.28
2021-10-02,2866,6146224,66.09,2096,5667360,60.94,22386,3489191,37.52
2021-10-03,11704,6157928,66.22,7247,5674607,61.02,70630,3559821,38.28
2021-10-04,10336,6168264,66.33,6713,5681320,61.09,51804,3611625,38.84
2021-10-05,8456,6176720,66.42,5255,5686575,61.15,40387,3652012,39.27
2021-10-06,7604,6184324,66.5,4126,5690701,61.2,33984,3685996,39.64
2021-10-07,6927,6191251,66.58,3971,5694672,61.24,33934,3719930,40
2021-10-08,3100,6194351,66.61,2582,5697254,61.27,19165,3739095,40.21
2021-10-09,1341,6195692,66.63,1408,5698662,61.28,7397,3746492,40.29
2021-10-10,4694,6200386,66.68,3721,5702383,61.32,21466,3767958,40.52
2021-10-11,4296,6204682,66.72,2907,5705290,61.35,17195,3785153,40.7
2021-10-12,3982,6208664,66.76,2966,5708256,61.38,15288,3800441,40.87
2021-10-13,3497,6212161,66.8,2413,5710669,61.41,13486,3813927,41.01
2021-10-14,3874,6216035,66.84,2645,5713314,61.44,16474,3830401,41.19
2021-10-15,1691,6217726,66.86,1641,5714955,61.46,8947,3839348,41.29
2021-10-16,734,6218460,66.87,921,5715876,61.47,4002,3843350,41.33
2021-10-17,3117,6221577,66.9,2504,5718380,61.49,12745,3856095,41.47
2021-10-18,2456,6224033,66.93,1630,5720010,61.51,9992,3866087,41.57
2021-10-19,2381,6226414,66.96,1236,5721246,61.52,9244,3875331,41.67
2021-10-20,2442,6228856,66.98,2263,5723509,61.55,10010,3885341,41.78
2021-10-21,3026,6231882,67.01,3052,5726561,61.58,12076,3897417,41.91
2021-10-22,1269,6233151,67.03,1391,5727952,61.6,5745,3903162,41.97
2021-10-23,554,6233705,67.03,1238,5729190,61.61,2546,3905708,42
2021-10-24,2513,6236218,67.06,2647,5731837,61.64,9808,3915516,42.11
2021-10-25,2622,6238840,67.09,2698,5734535,61.67,8430,3923946,42.2
2021-10-26,2373,6241213,67.11,2009,5736544,61.69,8453,3932399,42.29
2021-10-27,2302,6243515,67.14,2522,5739066,61.72,7853,3940252,42.37
2021-10-28,2495,6246010,67.17,2722,5741788,61.74,8585,3948837,42.46
2021-10-29,876,6246886,67.18,1097,5742885,61.76,4060,3952897,42.51
2021-10-30,351,6247237,67.18,507,5743392,61.76,1683,3954580,42.53
2021-10-31,2276,6249513,67.2,2470,5745862,61.79,8193,3962773,42.61
2021-11-01,1724,6251237,67.22,2070,5747932,61.81,6405,3969178,42.68
2021-11-02,2023,6253260,67.24,1997,5749929,61.83,6204,3975382,42.75
2021-11-03,1759,6255019,67.26,1858,5751787,61.85,5467,3980849,42.81
2021-11-04,2104,6257123,67.29,2769,5754556,61.88,7034,3987883,42.88
2021-11-05,753,6257876,67.29,869,5755425,61.89,3391,3991274,42.92
2021-11-06,330,6258206,67.3,373,5755798,61.9,1350,3992624,42.93
2021-11-07,1595,6259801,67.31,1754,5757552,61.91,6084,3998708,43
2021-11-08,1509,6261310,67.33,1560,5759112,61.93,5323,4004031,43.06
2021-11-09,1436,6262746,67.35,1568,5760680,61.95,5244,4009275,43.11
2021-11-10,1432,6264178,67.36,1621,5762301,61.96,4674,4013949,43.16
2021-11-11,1632,6265810,67.38,1916,5764217,61.99,5644,4019593,43.22
2021-11-12,608,6266418,67.39,790,5765007,61.99,2830,4022423,43.26
2021-11-13,245,6266663,67.39,273,5765280,62,1087,4023510,43.27
2021-11-14,1550,6268213,67.41,1607,5766887,62.01,5063,4028573,43.32
2021-11-15,1240,6269453,67.42,1577,5768464,62.03,4688,4033261,43.37
2021-11-16,1271,6270724,67.43,1378,5769842,62.05,4258,4037519,43.42
2021-11-17,1208,6271932,67.45,1528,5771370,62.06,3786,4041305,43.46
2021-11-18,1361,6273293,67.46,1644,5773014,62.08,4914,4046219,43.51
2021-11-19,578,6273871,67.47,726,5773740,62.09,2368,4048587,43.54
2021-11-20,220,6274091,67.47,230,5773970,62.09,890,4049477,43.55
2021-11-21,1415,6275506,67.48,1504,5775474,62.11,4806,4054283,43.6
2021-11-22,1665,6277171,67.5,1493,5776967,62.12,4135,4058418,43.64
2021-11-23,8616,6285787,67.59,1645,5778612,62.14,3904,4062322,43.68
2021-11-24,9368,6295155,67.7,1282,5779894,62.15,3800,4066122,43.73
2021-11-25,9819,6304974,67.8,1562,5781456,62.17,4742,4070864,43.78
2021-11-26,5600,6310574,67.86,710,5782166,62.18,2685,4073549,43.8
2021-11-27,4775,6315349,67.91,301,5782467,62.18,1107,4074656,43.82
2021-11-28,10166,6325515,68.02,1460,5783927,62.2,4817,4079473,43.87
2021-11-29,9025,6334540,68.12,1104,5785031,62.21,4257,4083730,43.91
2021-11-30,10041,6344581,68.23,992,5786023,62.22,3963,4087693,43.96
2021-12-01,8629,6353210,68.32,1058,5787081,62.23,4305,4091998,44
2021-12-02,9159,6362369,68.42,1403,5788484,62.25,4966,4096964,44.06
2021-12-03,6356,6368725,68.49,622,5789106,62.25,2733,4099697,44.09
2021-12-04,2491,6371216,68.51,223,5789329,62.26,851,4100548,44.1
2021-12-05,8337,6379553,68.6,1235,5790564,62.27,4625,4105173,44.15
2021-12-06,6731,6386284,68.67,1162,5791726,62.28,4227,4109400,44.19
2021-12-07,5596,6391880,68.74,1421,5793147,62.3,3852,4113252,44.23
2021-12-08,4930,6396810,68.79,1157,5794304,62.31,3733,4116985,44.27
2021-12-09,6222,6403032,68.86,1201,5795505,62.32,4366,4121351,44.32
2021-12-10,3009,6406041,68.89,651,5796156,62.33,2550,4123901,44.35
2021-12-11,1483,6407524,68.9,239,5796395,62.33,946,4124847,44.36
2021-12-12,7294,6414818,68.98,1402,5797797,62.35,5156,4130003,44.41
2021-12-13,6165,6420983,69.05,1341,5799138,62.36,4237,4134240,44.46
2021-12-14,7325,6428308,69.13,6077,5805215,62.43,4806,4139046,44.51
2021-12-15,7200,6435508,69.2,7372,5812587,62.51,5322,4144368,44.57
2021-12-16,8079,6443587,69.29,8583,5821170,62.6,6420,4150788,44.64
2021-12-17,4357,6447944,69.34,5101,5826271,62.65,3784,4154572,44.68
2021-12-18,3923,6451867,69.38,2890,5829161,62.68,1266,4155838,44.69
2021-12-19,6982,6458849,69.46,9315,5838476,62.78,6192,4162030,44.76
2021-12-20,7994,6466843,69.54,7486,5845962,62.86,5248,4167278,44.81
2021-12-21,9561,6476404,69.64,8616,5854578,62.96,6299,4173577,44.88
2021-12-22,9661,6486065,69.75,8105,5862683,63.04,6089,4179666,44.95
2021-12-23,11525,6497590,69.87,10233,5872916,63.15,7974,4187640,45.03
2021-12-24,5899,6503489,69.94,6218,5879134,63.22,5133,4192773,45.09
2021-12-25,3333,6506822,69.97,2560,5881694,63.25,1999,4194772,45.11
2021-12-26,10653,6517475,70.09,8897,5890591,63.34,8125,4202897,45.2
2021-12-27,10351,6527826,70.2,7105,5897696,63.42,8052,4210949,45.28
2021-12-28,11353,6539179,70.32,7413,5905109,63.5,9481,4220430,45.38
2021-12-29,9970,6549149,70.43,5930,5911039,63.56,8169,4228599,45.47
2021-12-30,11022,6560171,70.54,7698,5918737,63.65,12087,4240686,45.6
2021-12-31,4831,6565002,70.6,3653,5922390,63.69,7210,4247896,45.68
2022-01-01,1990,6566992,70.62,1581,5923971,63.7,2722,4250618,45.71
2022-01-02,10210,6577202,70.73,6440,5930411,63.77,12745,4263363,45.85
2022-01-03,9370,6586572,70.83,5175,5935586,63.83,10844,4274207,45.96
2022-01-04,8901,6595473,70.92,5891,5941477,63.89,10217,4284424,46.07
2022-01-05,0,6595473,70.92,0,5941477,63.89,0,4284424,46.07
