Date,Vaccinated (daily),Vaccinated (cumu),Vaccinated population percentage,Second dose (daily),Second dose (cumu),Second dose population precentage,Third dose (daily),Third dose (cumu),Third dose population precentage
2020-12-19,46,75,0,0,1,0,0,0,0
2020-12-20,7385,7460,0.08,0,1,0,0,0,0
2020-12-21,24909,32369,0.35,0,1,0,0,0,0
2020-12-22,44639,77008,0.83,0,1,0,0,0,0
2020-12-23,62897,139905,1.5,0,1,0,0,0,0
2020-12-24,73406,213311,2.29,0,1,0,0,0,0
2020-12-25,38502,251813,2.71,0,1,0,0,0,0
2020-12-26,32609,284422,3.06,0,1,0,0,0,0
2020-12-27,104542,388964,4.18,0,1,0,0,0,0
2020-12-28,134992,523956,5.63,0,1,0,0,0,0
2020-12-29,156251,680207,7.31,1,2,0,0,0,0
2020-12-30,153092,833299,8.96,0,2,0,0,0,0
2020-12-31,158512,991811,10.67,0,2,0,0,0,0
2021-01-01,71403,1063214,11.43,0,2,0,0,0,0
2021-01-02,71718,1134932,12.2,0,2,0,0,0,0
2021-01-03,149705,1284637,13.81,0,2,0,0,0,0
2021-01-04,152137,1436774,15.45,2,4,0,0,0,0
2021-01-05,125145,1561919,16.8,2,6,0,0,0,0
2021-01-06,103311,1665230,17.91,2,8,0,0,0,0
2021-01-07,116029,1781259,19.15,5,13,0,0,0,0
2021-01-08,66439,1847698,19.87,3,16,0,0,0,0
2021-01-09,44520,1892218,20.35,25,41,0,0,0,0
2021-01-10,37622,1929840,20.75,5992,6033,0.06,0,0,0
2021-01-11,21130,1950970,20.98,19253,25286,0.27,0,0,0
2021-01-12,24024,1974994,21.24,35657,60943,0.66,0,0,0
2021-01-13,52024,2027018,21.8,56861,117804,1.27,0,0,0
2021-01-14,56438,2083456,22.4,68823,186627,2.01,0,0,0
2021-01-15,30732,2114188,22.73,35924,222551,2.39,0,0,0
2021-01-16,29440,2143628,23.05,26004,248555,2.67,0,0,0
2021-01-17,68386,2212014,23.79,84571,333126,3.58,0,0,0
2021-01-18,69709,2281723,24.54,120383,453509,4.88,0,0,0
2021-01-19,72801,2354524,25.32,137775,591284,6.36,0,0,0
2021-01-20,76786,2431310,26.15,143684,734968,7.9,0,0,0
2021-01-21,69895,2501205,26.9,164340,899308,9.67,0,0,0
2021-01-22,37852,2539057,27.3,71077,970385,10.44,0,0,0
2021-01-23,39921,2578978,27.73,53556,1023941,11.01,0,0,0
2021-01-24,69054,2648032,28.48,140628,1164569,12.52,0,0,0
2021-01-25,80853,2728885,29.35,139435,1304004,14.02,0,0,0
2021-01-26,78640,2807525,30.19,126340,1430344,15.38,0,0,0
2021-01-27,77878,2885403,31.03,124969,1555313,16.73,0,0,0
2021-01-28,79486,2964889,31.88,130538,1685851,18.13,0,0,0
2021-01-29,36631,3001520,32.28,64746,1750597,18.83,0,0,0
2021-01-30,34361,3035881,32.65,42734,1793331,19.28,0,0,0
2021-01-31,73286,3109167,33.43,59457,1852788,19.92,0,0,0
2021-02-01,82443,3191610,34.32,35305,1888093,20.3,0,0,0
2021-02-02,70013,3261623,35.07,31025,1919118,20.64,0,0,0
2021-02-03,60231,3321854,35.72,51376,1970494,21.19,0,0,0
2021-02-04,72546,3394400,36.5,58036,2028530,21.81,0,0,0
2021-02-05,33877,3428277,36.87,28751,2057281,22.12,0,0,0
2021-02-06,21583,3449860,37.1,22199,2079480,22.36,0,0,0
2021-02-07,54039,3503899,37.68,68680,2148160,23.1,0,0,0
2021-02-08,58582,3562481,38.31,65396,2213556,23.8,0,0,0
2021-02-09,66286,3628767,39.02,67489,2281045,24.53,0,0,0
2021-02-10,70492,3699259,39.78,72211,2353256,25.31,0,0,0
2021-02-11,81088,3780347,40.65,72018,2425274,26.08,0,0,0
2021-02-12,39045,3819392,41.07,37534,2462808,26.48,0,0,0
2021-02-13,27425,3846817,41.37,30399,2493207,26.81,0,0,0
2021-02-14,74857,3921674,42.17,69020,2562227,27.55,0,0,0
2021-02-15,81474,4003148,43.05,75641,2637868,28.37,0,0,0
2021-02-16,83360,4086508,43.94,78216,2716084,29.21,0,0,0
2021-02-17,61912,4148420,44.61,75570,2791654,30.02,0,0,0
2021-02-18,69093,4217513,45.35,79684,2871338,30.88,0,0,0
2021-02-19,39608,4257121,45.78,38106,2909444,31.29,0,0,0
2021-02-20,31622,4288743,46.12,28697,2938141,31.6,0,0,0
2021-02-21,79386,4368129,46.97,78390,3016531,32.44,0,0,0
2021-02-22,84996,4453125,47.89,80542,3097073,33.3,0,0,0
2021-02-23,77263,4530388,48.72,70403,3167476,34.06,0,0,0
2021-02-24,61004,4591392,49.37,63062,3230538,34.74,0,0,0
2021-02-25,51662,4643054,49.93,64728,3295266,35.44,0,0,0
2021-02-26,25843,4668897,50.21,31983,3327249,35.78,0,0,0
2021-02-27,18305,4687202,50.4,21178,3348427,36.01,0,0,0
2021-02-28,40301,4727503,50.84,55836,3404263,36.61,0,0,0
2021-03-01,45667,4773170,51.33,61384,3465647,37.27,0,0,0
2021-03-02,41119,4814289,51.77,64728,3530375,37.96,0,0,0
2021-03-03,41949,4856238,52.22,66719,3597094,38.68,0,0,0
2021-03-04,39627,4895865,52.65,79047,3676141,39.53,0,0,0
2021-03-05,17288,4913153,52.83,40422,3716563,39.97,0,0,0
2021-03-06,10662,4923815,52.95,25323,3741886,40.24,0,0,0
2021-03-07,31085,4954900,53.28,72805,3814691,41.02,0,0,0
2021-03-08,27304,4982204,53.58,73233,3887924,41.81,0,0,0
2021-03-09,26673,5008877,53.86,76551,3964475,42.63,0,0,0
2021-03-10,23266,5032143,54.11,58616,4023091,43.26,0,0,0
2021-03-11,23228,5055371,54.36,69017,4092108,44,0,0,0
2021-03-12,11211,5066582,54.48,41360,4133468,44.45,0,0,0
2021-03-13,7910,5074492,54.57,25217,4158685,44.72,0,0,0
2021-03-14,20917,5095409,54.79,73897,4232582,45.52,0,0,0
2021-03-15,20074,5115483,55.01,78206,4310788,46.36,0,0,0
2021-03-16,18679,5134162,55.21,71417,4382205,47.12,0,0,0
2021-03-17,17632,5151794,55.4,58961,4441166,47.76,0,0,0
2021-03-18,15975,5167769,55.57,58071,4499237,48.38,0,0,0
2021-03-19,6886,5174655,55.65,27929,4527166,48.68,0,0,0
2021-03-20,5184,5179839,55.7,15272,4542438,48.85,0,0,0
2021-03-21,13114,5192953,55.84,40458,4582896,49.28,0,0,0
2021-03-22,13497,5206450,55.99,40481,4623377,49.72,0,0,0
2021-03-23,2761,5209211,56.02,7243,4630620,49.8,0,0,0
2021-03-24,10932,5220143,56.13,46491,4677111,50.3,0,0,0
2021-03-25,10182,5230325,56.24,35375,4712486,50.68,0,0,0
2021-03-26,4116,5234441,56.29,13284,4725770,50.82,0,0,0
2021-03-27,1757,5236198,56.31,4239,4730009,50.86,0,0,0
2021-03-28,2080,5238278,56.33,4587,4734596,50.91,0,0,0
2021-03-29,6845,5245123,56.4,29970,4764566,51.24,0,0,0
2021-03-30,7801,5252924,56.49,22376,4786942,51.48,0,0,0
2021-03-31,8084,5261008,56.57,19405,4806347,51.69,0,0,0
2021-04-01,8101,5269109,56.66,18624,4824971,51.89,0,0,0
2021-04-02,2875,5271984,56.69,8073,4833044,51.97,0,0,0
2021-04-03,1394,5273378,56.71,2932,4835976,52,0,0,0
2021-04-04,9600,5282978,56.81,22792,4858768,52.25,0,0,0
2021-04-05,10288,5293266,56.92,21199,4879967,52.48,0,0,0
2021-04-06,8942,5302208,57.02,16714,4896681,52.66,0,0,0
2021-04-07,8850,5311058,57.11,15220,4911901,52.82,0,0,0
2021-04-08,9317,5320375,57.21,16923,4928824,53,0,0,0
2021-04-09,3527,5323902,57.25,6174,4934998,53.07,0,0,0
2021-04-10,1589,5325491,57.27,3484,4938482,53.11,0,0,0
2021-04-11,8987,5334478,57.36,14207,4952689,53.26,0,0,0
2021-04-12,8861,5343339,57.46,13171,4965860,53.4,0,0,0
2021-04-13,5753,5349092,57.52,4897,4970757,53.45,0,0,0
2021-04-14,3560,5352652,57.56,5238,4975995,53.51,0,0,0
2021-04-15,607,5353259,57.57,535,4976530,53.52,0,0,0
2021-04-16,3335,5356594,57.6,6593,4983123,53.59,0,0,0
2021-04-17,788,5357382,57.61,1948,4985071,53.61,0,0,0
2021-04-18,7054,5364436,57.69,7406,4992477,53.69,0,0,0
2021-04-19,6344,5370780,57.75,7067,4999544,53.76,0,0,0
2021-04-20,6197,5376977,57.82,6824,5006368,53.84,0,0,0
2021-04-21,6274,5383251,57.89,7032,5013400,53.91,0,0,0
2021-04-22,5878,5389129,57.95,7612,5021012,53.99,0,0,0
2021-04-23,2694,5391823,57.98,3325,5024337,54.03,0,0,0
2021-04-24,725,5392548,57.99,1252,5025589,54.04,0,0,0
2021-04-25,4784,5397332,58.04,6883,5032472,54.12,0,0,0
2021-04-26,5417,5402749,58.1,7834,5040306,54.2,0,0,0
2021-04-27,4447,5407196,58.15,6557,5046863,54.27,0,0,0
2021-04-28,4427,5411623,58.19,7250,5054113,54.35,0,0,0
2021-04-29,4301,5415924,58.24,7211,5061324,54.43,0,0,0
2021-04-30,1862,5417786,58.26,3130,5064454,54.46,0,0,0
2021-05-01,431,5418217,58.26,875,5065329,54.47,0,0,0
2021-05-02,3202,5421419,58.3,6046,5071375,54.54,0,0,0
2021-05-03,3485,5424904,58.34,5753,5077128,54.6,0,0,0
2021-05-04,3530,5428434,58.37,4656,5081784,54.65,0,0,0
2021-05-05,3218,5431652,58.41,4014,5085798,54.69,0,0,0
2021-05-06,3559,5435211,58.45,3063,5088861,54.72,0,0,0
2021-05-07,1765,5436976,58.47,2422,5091283,54.75,0,0,0
2021-05-08,209,5437185,58.47,476,5091759,54.75,0,0,0
2021-05-09,2813,5439998,58.5,4709,5096468,54.8,0,0,0
2021-05-10,2844,5442842,58.53,4642,5101110,54.85,0,0,0
2021-05-11,2543,5445385,58.56,3807,5104917,54.9,0,0,0
2021-05-12,1952,5447337,58.58,3240,5108157,54.93,0,0,0
2021-05-13,1980,5449317,58.6,3602,5111759,54.97,0,0,0
2021-05-14,904,5450221,58.61,1432,5113191,54.98,0,0,0
2021-05-15,208,5450429,58.61,219,5113410,54.99,0,0,0
2021-05-16,499,5450928,58.62,1184,5114594,55,0,0,0
2021-05-17,253,5451181,58.62,805,5115399,55.01,0,0,0
2021-05-18,1910,5453091,58.64,4891,5120290,55.06,0,0,0
2021-05-19,2153,5455244,58.66,4978,5125268,55.11,0,0,0
2021-05-20,2235,5457479,58.69,3815,5129083,55.16,0,0,0
2021-05-21,1114,5458593,58.7,1344,5130427,55.17,0,0,0
2021-05-22,190,5458783,58.7,360,5130787,55.17,0,0,0
2021-05-23,2249,5461032,58.73,3190,5133977,55.21,0,0,0
2021-05-24,2066,5463098,58.75,3550,5137527,55.25,0,0,0
2021-05-25,1763,5464861,58.77,2529,5140056,55.27,0,0,0
2021-05-26,1342,5466203,58.78,2447,5142503,55.3,0,0,0
2021-05-27,1766,5467969,58.8,3118,5145621,55.33,0,0,0
2021-05-28,715,5468684,58.81,1344,5146965,55.35,0,0,0
2021-05-29,148,5468832,58.81,202,5147167,55.35,0,0,0
2021-05-30,1590,5470422,58.83,1900,5149067,55.37,0,0,0
2021-05-31,1653,5472075,58.84,2045,5151112,55.39,0,0,0
2021-06-01,1281,5473356,58.86,1777,5152889,55.41,0,0,0
2021-06-02,1427,5474783,58.87,1552,5154441,55.43,0,0,0
2021-06-03,1599,5476382,58.89,1424,5155865,55.44,0,0,0
2021-06-04,1009,5477391,58.9,702,5156567,55.45,0,0,0
2021-06-05,146,5477537,58.9,132,5156699,55.45,0,0,0
2021-06-06,4247,5481784,58.95,963,5157662,55.46,0,0,0
2021-06-07,4339,5486123,59,760,5158422,55.47,0,0,0
2021-06-08,3671,5489794,59.03,1118,5159540,55.48,0,0,0
2021-06-09,3533,5493327,59.07,1262,5160802,55.5,0,0,0
2021-06-10,3273,5496600,59.11,1240,5162042,55.51,0,0,0
2021-06-11,1325,5497925,59.12,517,5162559,55.52,0,0,0
2021-06-12,175,5498100,59.12,140,5162699,55.52,0,0,0
2021-06-13,3073,5501173,59.16,1220,5163919,55.53,0,0,0
2021-06-14,2983,5504156,59.19,1476,5165395,55.55,0,0,0
2021-06-15,3062,5507218,59.22,1311,5166706,55.56,0,0,0
2021-06-16,2648,5509866,59.25,937,5167643,55.57,0,0,0
2021-06-17,2642,5512508,59.28,1138,5168781,55.58,0,0,0
2021-06-18,1180,5513688,59.29,447,5169228,55.59,0,0,0
2021-06-19,182,5513870,59.29,117,5169345,55.59,0,0,0
2021-06-20,3275,5517145,59.33,1286,5170631,55.6,0,0,0
2021-06-21,5158,5522303,59.38,1162,5171793,55.61,0,0,0
2021-06-22,6842,5529145,59.46,1048,5172841,55.63,0,0,0
2021-06-23,10637,5539782,59.57,1241,5174082,55.64,0,0,0
2021-06-24,11932,5551714,59.7,1408,5175490,55.65,0,0,0
2021-06-25,7005,5558719,59.78,861,5176351,55.66,0,0,0
2021-06-26,2229,5560948,59.8,169,5176520,55.67,0,0,0
2021-06-27,13573,5574521,59.95,3403,5179923,55.7,0,0,0
2021-06-28,14423,5588944,60.1,3610,5183533,55.74,0,0,0
2021-06-29,16619,5605563,60.28,3658,5187191,55.78,0,0,0
2021-06-30,16377,5621940,60.46,3312,5190503,55.82,0,0,0
2021-07-01,16727,5638667,60.64,3307,5193810,55.85,12,12,0
2021-07-02,9747,5648414,60.74,1526,5195336,55.87,1,13,0
2021-07-03,2623,5651037,60.77,266,5195602,55.87,0,13,0
2021-07-04,17689,5668726,60.96,3123,5198725,55.9,0,13,0
2021-07-05,17776,5686502,61.15,2975,5201700,55.94,4,17,0
2021-07-06,17768,5704270,61.34,3350,5205050,55.97,7,24,0
2021-07-07,15430,5719700,61.51,2609,5207659,56,11,35,0
2021-07-08,16508,5736208,61.68,2790,5210449,56.03,12,47,0
2021-07-09,11074,5747282,61.8,1430,5211879,56.05,2,49,0
2021-07-10,4925,5752207,61.86,349,5212228,56.05,4,53,0
2021-07-11,1415,5753622,61.87,2807,5215035,56.08,4,57,0
2021-07-12,2356,5755978,61.9,3616,5218651,56.12,47,104,0
2021-07-13,2888,5758866,61.93,5374,5224025,56.18,120,224,0
2021-07-14,2665,5761531,61.96,7441,5231466,56.26,439,663,0.01
2021-07-15,2909,5764440,61.99,9195,5240661,56.36,371,1034,0.01
2021-07-16,1200,5765640,62,5815,5246476,56.42,62,1096,0.01
2021-07-17,317,5765957,62,1343,5247819,56.43,6,1102,0.01
2021-07-18,2024,5767981,62.03,9726,5257545,56.54,233,1335,0.01
2021-07-19,3132,5771113,62.06,11238,5268783,56.66,455,1790,0.02
2021-07-20,2598,5773711,62.09,11832,5280615,56.79,368,2158,0.02
2021-07-21,2312,5776023,62.11,11776,5292391,56.91,319,2477,0.03
2021-07-22,2822,5778845,62.14,13162,5305553,57.05,387,2864,0.03
2021-07-23,1973,5780818,62.16,8129,5313682,57.14,100,2964,0.03
2021-07-24,597,5781415,62.17,1417,5315099,57.16,6,2970,0.03
2021-07-25,4378,5785793,62.22,15440,5330539,57.32,222,3192,0.03
2021-07-26,5094,5790887,62.27,13425,5343964,57.47,320,3512,0.04
2021-07-27,5421,5796308,62.33,13459,5357423,57.61,410,3922,0.04
2021-07-28,3933,5800241,62.37,12242,5369665,57.74,460,4382,0.05
2021-07-29,4605,5804846,62.42,14065,5383730,57.89,517,4899,0.05
2021-07-30,2581,5807427,62.45,10751,5394481,58.01,4113,9012,0.1
2021-07-31,1375,5808802,62.47,3500,5397981,58.05,6150,15162,0.16
2021-08-01,3040,5811842,62.5,3311,5401292,58.08,31037,46199,0.5
2021-08-02,3066,5814908,62.53,3086,5404378,58.12,58482,104681,1.13
2021-08-03,3323,5818231,62.57,3220,5407598,58.15,78935,183616,1.97
2021-08-04,3477,5821708,62.6,3157,5410755,58.18,80721,264337,2.84
2021-08-05,4451,5826159,62.65,3502,5414257,58.22,88414,352751,3.79
2021-08-06,2378,5828537,62.68,1768,5416025,58.24,44726,397477,4.27
2021-08-07,1003,5829540,62.69,631,5416656,58.25,27329,424806,4.57
2021-08-08,4988,5834528,62.74,3023,5419679,58.28,80045,504851,5.43
2021-08-09,5308,5839836,62.8,2959,5422638,58.31,76447,581298,6.25
2021-08-10,5526,5845362,62.86,3106,5425744,58.35,75382,656680,7.06
2021-08-11,5640,5851002,62.92,2863,5428607,58.38,62602,719282,7.73
2021-08-12,6998,5858000,62.99,3226,5431833,58.41,59428,778710,8.37
2021-08-13,3763,5861763,63.03,1997,5433830,58.43,43841,822551,8.85
2021-08-14,2228,5863991,63.06,799,5434629,58.44,44447,866998,9.32
2021-08-15,7154,5871145,63.14,4486,5439115,58.49,97916,964914,10.38
2021-08-16,6964,5878109,63.21,4657,5443772,58.54,89429,1054343,11.34
2021-08-17,7558,5885667,63.29,5063,5448835,58.59,83232,1137575,12.23
2021-08-18,8629,5894296,63.38,4533,5453368,58.64,69167,1206742,12.98
2021-08-19,10066,5904362,63.49,5156,5458524,58.7,65894,1272636,13.69
2021-08-20,4715,5909077,63.54,2748,5461272,58.73,60395,1333031,14.33
2021-08-21,3483,5912560,63.58,1522,5462794,58.74,50685,1383716,14.88
2021-08-22,9853,5922413,63.69,4771,5467565,58.8,105004,1488720,16.01
2021-08-23,10939,5933352,63.8,4362,5471927,58.84,93877,1582597,17.02
2021-08-24,11743,5945095,63.93,4639,5476566,58.89,98379,1680976,18.08
2021-08-25,9649,5954744,64.03,4410,5480976,58.94,99354,1780330,19.14
2021-08-26,10122,5964866,64.14,4992,5485968,58.99,101023,1881353,20.23
2021-08-27,4308,5969174,64.19,2716,5488684,59.02,56628,1937981,20.84
2021-08-28,3697,5972871,64.23,1449,5490133,59.04,33477,1971458,21.2
2021-08-29,10354,5983225,64.34,5902,5496035,59.1,79412,2050870,22.05
2021-08-30,12334,5995559,64.47,6950,5502985,59.18,115848,2166718,23.3
2021-08-31,12105,6007664,64.6,6449,5509434,59.25,114695,2281413,24.53
2021-09-01,9058,6016722,64.7,5942,5515376,59.31,112297,2393710,25.74
2021-09-02,8821,6025543,64.8,7113,5522489,59.39,111347,2505057,26.94
2021-09-03,3729,6029272,64.84,4048,5526537,59.43,58814,2563871,27.57
2021-09-04,2685,6031957,64.86,1976,5528513,59.45,29909,2593780,27.89
2021-09-05,7044,6039001,64.94,6429,5534942,59.52,73208,2666988,28.68
2021-09-06,2816,6041817,64.97,2639,5537581,59.55,22748,2689736,28.92
2021-09-07,1178,6042995,64.98,814,5538395,59.56,5366,2695102,28.98
2021-09-08,1368,6044363,65,1132,5539527,59.57,6598,2701700,29.05
2021-09-09,7110,6051473,65.07,12502,5552029,59.7,73721,2775421,29.85
2021-09-10,3226,6054699,65.11,4941,5556970,59.76,37872,2813293,30.25
2021-09-11,2104,6056803,65.13,2464,5559434,59.78,14784,2828077,30.41
2021-09-12,6142,6062945,65.2,8554,5567988,59.88,54039,2882116,30.99
2021-09-13,5660,6068605,65.26,8184,5576172,59.96,47839,2929955,31.51
2021-09-14,4965,6073570,65.31,7363,5583535,60.04,48767,2978722,32.03
2021-09-15,1729,6075299,65.33,2668,5586203,60.07,16652,2995374,32.21
2021-09-16,324,6075623,65.33,506,5586709,60.08,1725,2997099,32.23
2021-09-17,3677,6079300,65.37,6963,5593672,60.15,42836,3039935,32.69
2021-09-18,2245,6081545,65.4,2909,5596581,60.18,12764,3052699,32.83
2021-09-19,5968,6087513,65.46,10688,5607269,60.3,44253,3096952,33.3
2021-09-20,3221,6090734,65.5,4598,5611867,60.35,16662,3113614,33.48
2021-09-21,1310,6092044,65.51,2011,5613878,60.37,3433,3117047,33.52
2021-09-22,4262,6096306,65.56,7204,5621082,60.45,24990,3142037,33.79
2021-09-23,4398,6100704,65.6,5855,5626937,60.51,27754,3169791,34.09
2021-09-24,3189,6103893,65.64,4131,5631068,60.55,27661,3197452,34.38
2021-09-25,2072,6105965,65.66,2228,5633296,60.58,10402,3207854,34.5
2021-09-26,5637,6111602,65.72,5949,5639245,60.64,36197,3244051,34.88
2021-09-27,4694,6116296,65.77,4415,5643660,60.69,30385,3274436,35.21
2021-09-28,1452,6117748,65.79,1152,5644812,60.7,6205,3280641,35.28
2021-09-29,9658,6127406,65.89,8303,5653115,60.79,60205,3340846,35.93
2021-09-30,10998,6138404,66.01,8507,5661622,60.88,79576,3420422,36.78
2021-10-01,5126,6143530,66.06,3806,5665428,60.92,46437,3466859,37.28
2021-10-02,2866,6146396,66.1,2096,5667524,60.95,22386,3489245,37.52
2021-10-03,11703,6158099,66.22,7247,5674771,61.02,70631,3559876,38.28
2021-10-04,10335,6168434,66.33,6713,5681484,61.1,51805,3611681,38.84
2021-10-05,8456,6176890,66.42,5256,5686740,61.15,40387,3652068,39.27
2021-10-06,7605,6184495,66.51,4126,5690866,61.2,33984,3686052,39.64
2021-10-07,6928,6191423,66.58,3971,5694837,61.24,33935,3719987,40
2021-10-08,3100,6194523,66.61,2583,5697420,61.27,19165,3739152,40.21
2021-10-09,1340,6195863,66.63,1408,5698828,61.28,7398,3746550,40.29
2021-10-10,4694,6200557,66.68,3721,5702549,61.32,21466,3768016,40.52
2021-10-11,4296,6204853,66.72,2907,5705456,61.35,17195,3785211,40.7
2021-10-12,3981,6208834,66.77,2966,5708422,61.39,15289,3800500,40.87
2021-10-13,3497,6212331,66.8,2413,5710835,61.41,13487,3813987,41.01
2021-10-14,3874,6216205,66.85,2644,5713479,61.44,16475,3830462,41.19
2021-10-15,1693,6217898,66.86,1641,5715120,61.46,8948,3839410,41.29
2021-10-16,733,6218631,66.87,921,5716041,61.47,4005,3843415,41.33
2021-10-17,3116,6221747,66.91,2505,5718546,61.49,12746,3856161,41.47
2021-10-18,2456,6224203,66.93,1630,5720176,61.51,9992,3866153,41.57
2021-10-19,2380,6226583,66.96,1236,5721412,61.53,9245,3875398,41.67
2021-10-20,2442,6229025,66.98,2263,5723675,61.55,10010,3885408,41.78
2021-10-21,3025,6232050,67.02,3052,5726727,61.58,12077,3897485,41.91
2021-10-22,1269,6233319,67.03,1391,5728118,61.6,5746,3903231,41.97
2021-10-23,554,6233873,67.04,1238,5729356,61.61,2546,3905777,42
2021-10-24,2513,6236386,67.06,2647,5732003,61.64,9808,3915585,42.11
2021-10-25,2622,6239008,67.09,2698,5734701,61.67,8430,3924015,42.2
2021-10-26,2373,6241381,67.12,2010,5736711,61.69,8453,3932468,42.29
2021-10-27,2303,6243684,67.14,2522,5739233,61.72,7853,3940321,42.37
2021-10-28,2495,6246179,67.17,2723,5741956,61.75,8585,3948906,42.46
2021-10-29,876,6247055,67.18,1098,5743054,61.76,4060,3952966,42.51
2021-10-30,351,6247406,67.18,507,5743561,61.76,1685,3954651,42.53
2021-10-31,2275,6249681,67.21,2470,5746031,61.79,8194,3962845,42.61
2021-11-01,1724,6251405,67.22,2070,5748101,61.81,6408,3969253,42.68
2021-11-02,2024,6253429,67.25,1997,5750098,61.83,6204,3975457,42.75
2021-11-03,1760,6255189,67.27,1858,5751956,61.85,5467,3980924,42.81
2021-11-04,2104,6257293,67.29,2769,5754725,61.88,7035,3987959,42.88
2021-11-05,753,6258046,67.3,869,5755594,61.89,3393,3991352,42.92
2021-11-06,331,6258377,67.3,373,5755967,61.9,1350,3992702,42.94
2021-11-07,1595,6259972,67.32,1754,5757721,61.92,6085,3998787,43
2021-11-08,1509,6261481,67.33,1560,5759281,61.93,5324,4004111,43.06
2021-11-09,1436,6262917,67.35,1568,5760849,61.95,5246,4009357,43.11
2021-11-10,1432,6264349,67.36,1621,5762470,61.97,4674,4014031,43.16
2021-11-11,1631,6265980,67.38,1916,5764386,61.99,5645,4019676,43.23
2021-11-12,608,6266588,67.39,790,5765176,62,2830,4022506,43.26
2021-11-13,245,6266833,67.39,273,5765449,62,1087,4023593,43.27
2021-11-14,1550,6268383,67.41,1607,5767056,62.02,5063,4028656,43.32
2021-11-15,1240,6269623,67.42,1577,5768633,62.03,4688,4033344,43.37
2021-11-16,1271,6270894,67.43,1378,5770011,62.05,4258,4037602,43.42
2021-11-17,1208,6272102,67.45,1529,5771540,62.06,3787,4041389,43.46
2021-11-18,1361,6273463,67.46,1645,5773185,62.08,4915,4046304,43.51
2021-11-19,578,6274041,67.47,726,5773911,62.09,2369,4048673,43.54
2021-11-20,220,6274261,67.47,230,5774141,62.09,890,4049563,43.55
2021-11-21,1415,6275676,67.49,1504,5775645,62.11,4806,4054369,43.6
2021-11-22,1665,6277341,67.5,1493,5777138,62.12,4136,4058505,43.64
2021-11-23,8616,6285957,67.6,1645,5778783,62.14,3904,4062409,43.69
2021-11-24,9368,6295325,67.7,1282,5780065,62.16,3800,4066209,43.73
2021-11-25,9819,6305144,67.8,1562,5781627,62.17,4743,4070952,43.78
2021-11-26,5600,6310744,67.86,710,5782337,62.18,2686,4073638,43.81
2021-11-27,4774,6315518,67.91,302,5782639,62.18,1107,4074745,43.82
2021-11-28,10168,6325686,68.02,1460,5784099,62.2,4818,4079563,43.87
2021-11-29,9025,6334711,68.12,1105,5785204,62.21,4258,4083821,43.92
2021-11-30,10041,6344752,68.23,992,5786196,62.22,3966,4087787,43.96
2021-12-01,8630,6353382,68.32,1058,5787254,62.23,4307,4092094,44
2021-12-02,9160,6362542,68.42,1403,5788657,62.25,4966,4097060,44.06
2021-12-03,6355,6368897,68.49,623,5789280,62.26,2734,4099794,44.09
2021-12-04,2491,6371388,68.51,224,5789504,62.26,852,4100646,44.1
2021-12-05,8337,6379725,68.6,1235,5790739,62.27,4625,4105271,44.15
2021-12-06,6731,6386456,68.68,1162,5791901,62.28,4227,4109498,44.19
2021-12-07,5596,6392052,68.74,1421,5793322,62.3,3852,4113350,44.23
2021-12-08,4930,6396982,68.79,1158,5794480,62.31,3734,4117084,44.27
2021-12-09,6225,6403207,68.86,1201,5795681,62.32,4367,4121451,44.32
2021-12-10,3008,6406215,68.89,652,5796333,62.33,2552,4124003,44.35
2021-12-11,1483,6407698,68.91,239,5796572,62.33,946,4124949,44.36
2021-12-12,7293,6414991,68.98,1402,5797974,62.35,5158,4130107,44.41
2021-12-13,6165,6421156,69.05,1341,5799315,62.36,4239,4134346,44.46
2021-12-14,7324,6428480,69.13,6078,5805393,62.43,4808,4139154,44.51
2021-12-15,7200,6435680,69.21,7372,5812765,62.51,5324,4144478,44.57
2021-12-16,8079,6443759,69.29,8583,5821348,62.6,6421,4150899,44.64
2021-12-17,4356,6448115,69.34,5102,5826450,62.65,3786,4154685,44.68
2021-12-18,3923,6452038,69.38,2890,5829340,62.69,1267,4155952,44.69
2021-12-19,6982,6459020,69.46,9317,5838657,62.79,6194,4162146,44.76
2021-12-20,7993,6467013,69.54,7486,5846143,62.87,5249,4167395,44.81
2021-12-21,9560,6476573,69.65,8616,5854759,62.96,6302,4173697,44.88
2021-12-22,9660,6486233,69.75,8106,5862865,63.05,6090,4179787,44.95
2021-12-23,11525,6497758,69.87,10234,5873099,63.16,7975,4187762,45.03
2021-12-24,5899,6503657,69.94,6218,5879317,63.22,5133,4192895,45.09
2021-12-25,3333,6506990,69.97,2560,5881877,63.25,2000,4194895,45.11
2021-12-26,10653,6517643,70.09,8898,5890775,63.35,8125,4203020,45.2
2021-12-27,10351,6527994,70.2,7104,5897879,63.42,8053,4211073,45.28
2021-12-28,11351,6539345,70.32,7414,5905293,63.5,9484,4220557,45.39
2021-12-29,9968,6549313,70.43,5931,5911224,63.57,8172,4228729,45.47
2021-12-30,11021,6560334,70.55,7698,5918922,63.65,12088,4240817,45.6
2021-12-31,4831,6565165,70.6,3653,5922575,63.69,7210,4248027,45.68
2022-01-01,1989,6567154,70.62,1582,5924157,63.71,2722,4250749,45.71
2022-01-02,10233,6577387,70.73,6467,5930624,63.78,12902,4263651,45.85
2022-01-03,9417,6586804,70.83,5217,5935841,63.83,11145,4274796,45.97
2022-01-04,8936,6595740,70.93,5913,5941754,63.89,10359,4285155,46.08
2022-01-05,1145,6596885,70.94,1099,5942853,63.91,3035,4288190,46.11
